<?xml version="1.0"?>
<opencv_storage>
<distortion type_id="opencv-matrix">
  <rows>5</rows>
  <cols>1</cols>
  <dt>f</dt>
  <data>
    2.89532719e+01 -6.93705383e+02 2.83570383e-02 2.61312351e-02
    -5.89310859e+04</data></distortion>
</opencv_storage>
