<?xml version="1.0"?>
<opencv_storage>
<distortion type_id="opencv-matrix">
  <rows>5</rows>
  <cols>1</cols>
  <dt>f</dt>
  <data>
    1.21249275e+01 -1.23428101e+03 2.15798557e-01 -2.75418967e-01
    2.51203906e+04</data></distortion>
</opencv_storage>
